0.674523168587366       -0.0835309888826987         -1.62451637521138         0.258440790037567        -0.816326737567923        -0.867193173170075
  1.03684000012563         0.616421091001598         -2.45214039279419         0.891694304014871         0.115147536198142         -1.04009315661496
-0.149462522904422        -0.524999193918106        -0.314904893086324        -0.836622410705379         0.207068664865499          1.26543147184901
-0.317081343911522          1.00770674116118         -1.41495477625492         0.553148245374576        -0.444561809132592        -0.241457857540811
  0.93359467369858          1.82910223666155         -1.51586364608846          1.45840931889532         -1.12048974268421         -1.72903141690258
 0.723284089002027        0.0852880686374716        -0.172243884051421        -0.855082178756608         0.435357962622282        -0.488240883647953
 0.488184813355146       -0.0683247247193504         -3.34644470330865        -0.992122616634029        0.0170886339568887          1.06038432430823
 0.548402937620275         -0.56346540684537         -1.24114226485193       -0.0116994171976398         -0.36298562886189        -0.538153971710026
0.0317007577940281        -0.473574058270231         -2.62869909794596         0.626910734781903          -0.6312374760797          1.77733767442684
 0.341274934535395         -1.70353451990428          -2.2141654877405       0.00149921701048138         -0.50032498462731        -0.779518792022342
