   2711.345385   1424.345345    104.162339    -89.887728    -73.029900    -46.334665  
   2740.904435   1521.398631      7.690139    -89.887729    -73.029900    -46.334666  
   2739.558429   1516.599965    205.617300    -89.887729    -73.029900    -46.334666  
   3283.571163   1374.685779    216.097434    -25.979189    -64.140317    -88.439041  
   3344.612063   1433.278897    327.635850    -25.979189    -64.140317    -88.439042  
   3285.234509   1250.382252    280.485839    -25.979189    -64.140317    -88.439042  
   2899.806236   1016.410438   -184.990578     22.291075    -55.580934    -11.599848  
   2915.718079   1134.493833   -111.484876     22.291075    -55.580934    -11.599849  
   2977.323790    947.451638    -90.992106     22.291075    -55.580934    -11.599849  
   3457.981813   1489.821255     66.562594    -99.250459    -56.060174    165.685382  
   3438.655812   1483.284057    205.067951    -99.250459    -56.060174    165.685382  
   3382.243580   1373.179209     50.489225    -99.250459    -56.060174    165.685382  
   3219.717658   1322.122536    207.155479   -106.863572    -64.633686     64.634494  
   3165.523293   1195.333162    182.919380   -106.863572    -64.633686     64.634494  
   3245.411138   1337.286970     70.371397   -106.863572    -64.633686     64.634494  
   2672.610606   1356.074027   -119.513704    -58.240417    -46.250415    112.811538  
   2583.371666   1248.241445   -122.430707    -58.240416    -46.250416    112.811538  
   2635.076911   1390.662449   -249.878051    -58.240416    -46.250416    112.811538  
   3155.697099    929.529631   -456.077297     62.919222    -66.088464    -44.311241  
   3195.337017    895.532944   -326.181703     62.919222    -66.088464    -44.311242  
   3196.301692    803.468106   -501.461865     62.919222    -66.088464    -44.311242  
   2984.496460   1041.287256   -322.555358   -112.098485    -20.720995    128.287791  
   2881.717490   1037.897115   -227.555603   -112.098485    -20.720995    128.287790  
   2903.362098    971.510280   -412.823784   -112.098485    -20.720995    128.287790  
   3413.981865    742.765648    100.623821     98.388953    -52.915159    118.089061  
   3339.505571    849.857845     49.785783     98.388953    -52.915159    118.089061  
   3374.233532    776.769418    230.484568     98.388953    -52.915159    118.089061  
